block_size=50
robot=23,5
target=14.0,10.0
input_pro=w,d,a
1.0,8.0
10.0,4.0
2.0,6.0
19.0,1.0
23.0,4.0
16.0,9.0
13.0,11.0
8.0,10.0
1.0,4.0
11.0,8.0
10.0,2.0
9.0,0.0
16.0,8.0
7.0,5.0
3.0,10.0
8.0,0.0
0.0,0.0
3.0,6.0
6.0,9.0
13.0,0.0
16.0,10.0
22.0,10.0
9.0,2.0
0.0,8.0
7.0,5.0
6.0,4.0
0.0,0.0
9.0,10.0
8.0,10.0
7.0,4.0
8.0,9.0
15.0,0.0
6.0,4.0
9.0,3.0
18.0,3.0
22.0,4.0
23.0,3.0
20.0,4.0
2.0,9.0
7.0,2.0
9.0,1.0
5.0,3.0
23.0,6.0
22.0,1.0
1.0,6.0
12.0,7.0
15.0,11.0
4.0,0.0
4.0,4.0
7.0,3.0
15.0,11.0
21.0,8.0
3.0,11.0
16.0,7.0
2.0,10.0
23.0,8.0
21.0,10.0
14.0,2.0
19.0,0.0
21.0,6.0
1.0,5.0
4.0,9.0
2.0,0.0
7.0,5.0
19.0,10.0
16.0,0.0
2.0,6.0
9.0,7.0
8.0,2.0
22.0,6.0
18.0,9.0
13.0,11.0
13.0,7.0
5.0,3.0
11.0,0.0
3.0,8.0
13.0,4.0
6.0,7.0
23.0,7.0
3.0,6.0
18.0,1.0
21.0,6.0
1.0,11.0
14.0,2.0
15.0,0.0
7.0,11.0
0.0,6.0
14.0,2.0
12.0,9.0
15.0,11.0
2.0,3.0
13.0,6.0
16.0,7.0
2.0,2.0
5.0,1.0
4.0,0.0
1.0,5.0
1.0,8.0
8.0,7.0
13.0,10.0
